00 0.00043 2.7213 0.2319 2.3077 0.3238
01 0.00050 1.9541 0.4026 1.9721 0.4150
02 0.00063 1.5936 0.5003 1.7043 0.4673
03 0.00081 1.3640 0.5701 1.6189 0.5072
04 0.00104 1.2001 0.6176 1.5424 0.5229
05 0.00132 1.0856 0.6537 1.2146 0.6176
06 0.00163 0.9988 0.6830 1.2086 0.6208
07 0.00199 0.9055 0.7120 1.0352 0.6771
08 0.00238 0.8488 0.7312 1.0140 0.6726
09 0.00280 0.8078 0.7450 1.1754 0.6530
10 0.00325 0.7301 0.7669 1.0395 0.6775
11 0.00371 0.7070 0.7775 0.8414 0.7361
12 0.00420 0.6692 0.7877 0.7786 0.7540
13 0.00470 0.6409 0.7968 0.7704 0.7558
14 0.00520 0.6212 0.8029 1.1139 0.6722
15 0.00570 0.6124 0.8055 0.8270 0.7396
16 0.00620 0.5799 0.8160 0.6646 0.7959
17 0.00668 0.5844 0.8136 1.0981 0.6645
18 0.00715 0.5824 0.8153 0.8045 0.7558
19 0.00760 0.5805 0.8152 0.7407 0.7691
20 0.00802 0.5768 0.8162 0.8474 0.7366
21 0.00841 0.5650 0.8225 0.7647 0.7655
22 0.00877 0.5770 0.8191 0.8779 0.7420
23 0.00908 0.5759 0.8198 0.8165 0.7540
24 0.00936 0.5697 0.8199 0.9669 0.7118
25 0.00958 0.5825 0.8164 0.9601 0.7066
26 0.00976 0.5644 0.8226 0.8082 0.7472
27 0.00990 0.5817 0.8173 0.8355 0.7390
28 0.00997 0.5801 0.8189 0.9605 0.7160
29 0.01000 0.5706 0.8216 0.7639 0.7715
30 0.00999 0.5725 0.8197 0.6301 0.8062
31 0.00998 0.5583 0.8254 0.6842 0.7933
32 0.00995 0.5597 0.8252 0.6867 0.7909
33 0.00992 0.5505 0.8277 0.7875 0.7578
34 0.00987 0.5587 0.8238 0.7256 0.7838
35 0.00982 0.5548 0.8252 0.7339 0.7788
36 0.00976 0.5471 0.8310 0.7691 0.7693
37 0.00968 0.5466 0.8279 0.8367 0.7525
38 0.00960 0.5495 0.8291 0.6319 0.8106
39 0.00950 0.5334 0.8322 0.6409 0.7974
40 0.00940 0.5383 0.8315 0.8007 0.7606
41 0.00929 0.5301 0.8324 0.6189 0.8041
42 0.00917 0.5297 0.8324 0.6914 0.7876
43 0.00905 0.5105 0.8392 0.5914 0.8268
44 0.00891 0.5098 0.8407 0.7225 0.7781
45 0.00877 0.4995 0.8417 0.6641 0.7920
46 0.00861 0.5062 0.8381 0.7018 0.7858
47 0.00846 0.4956 0.8428 0.5951 0.8182
48 0.00829 0.4836 0.8479 0.5557 0.8333
49 0.00812 0.4954 0.8437 0.7246 0.7852
50 0.00794 0.4755 0.8497 0.6005 0.8180
51 0.00775 0.4719 0.8501 0.4954 0.8370
52 0.00756 0.4664 0.8511 0.5203 0.8384
53 0.00737 0.4679 0.8525 0.5195 0.8346
54 0.00717 0.4563 0.8552 0.5953 0.8137
55 0.00697 0.4426 0.8577 0.5884 0.8188
56 0.00676 0.4426 0.8597 0.4300 0.8621
57 0.00655 0.4397 0.8609 0.5070 0.8345
58 0.00633 0.4162 0.8677 0.5057 0.8436
59 0.00611 0.4134 0.8677 0.4359 0.8624
60 0.00589 0.4159 0.8676 0.4141 0.8732
61 0.00567 0.3918 0.8741 0.4767 0.8494
62 0.00545 0.4007 0.8736 0.4410 0.8561
63 0.00522 0.3804 0.8755 0.4674 0.8479
64 0.00500 0.3679 0.8824 0.4230 0.8697
65 0.00478 0.3708 0.8827 0.4079 0.8735
66 0.00455 0.3677 0.8826 0.3727 0.8796
67 0.00433 0.3586 0.8848 0.3744 0.8834
68 0.00411 0.3425 0.8887 0.3561 0.8863
69 0.00389 0.3262 0.8945 0.3656 0.8861
70 0.00367 0.3231 0.8964 0.3196 0.8989
71 0.00345 0.3133 0.8997 0.3277 0.8937
72 0.00324 0.3111 0.8985 0.3328 0.8971
73 0.00303 0.3042 0.9012 0.3370 0.8895
74 0.00283 0.2851 0.9075 0.2987 0.9067
75 0.00263 0.2803 0.9085 0.2953 0.9129
76 0.00244 0.2759 0.9123 0.3317 0.8965
77 0.00225 0.2736 0.9120 0.2760 0.9074
78 0.00206 0.2561 0.9151 0.2572 0.9166
79 0.00188 0.2548 0.9161 0.2462 0.9228
80 0.00171 0.2421 0.9194 0.2666 0.9166
81 0.00154 0.2298 0.9260 0.2309 0.9248
82 0.00139 0.2290 0.9247 0.2430 0.9221
83 0.00123 0.2228 0.9265 0.2221 0.9246
84 0.00109 0.2152 0.9290 0.2017 0.9338
85 0.00095 0.2071 0.9311 0.2194 0.9340
86 0.00083 0.2028 0.9340 0.2047 0.9316
87 0.00071 0.1953 0.9364 0.2037 0.9334
88 0.00060 0.1863 0.9381 0.1884 0.9382
89 0.00050 0.1814 0.9403 0.1948 0.9395
90 0.00040 0.1750 0.9417 0.1820 0.9403
91 0.00032 0.1712 0.9431 0.1965 0.9349
92 0.00024 0.1683 0.9444 0.1923 0.9356
93 0.00018 0.1682 0.9442 0.1679 0.9427
94 0.00013 0.1604 0.9480 0.1733 0.9430
95 0.00008 0.1577 0.9478 0.1628 0.9474
96 0.00005 0.1602 0.9466 0.1578 0.9488
97 0.00002 0.1587 0.9460 0.1694 0.9437
98 0.00001 0.1576 0.9492 0.1775 0.9418
99 0.00000 0.1556 0.9484 0.1655 0.9487